trial 	RT  	Trial Start Time
1    	461 	1017
2    	452 	7987
3    	545 	11941
4    	345 	22990
5    	280 	29839
6    	290 	39621
7    	313 	48414
8    	377 	51230
9    	417 	55110
10   	330 	66029
11   	305 	75861
12   	289 	85670
13   	427 	90461
14   	335 	94391
15   	344 	101230
16   	362 	106077
17   	378 	116941
18   	369 	122821
19   	337 	126693
20   	355 	132532
21   	417 	142389
22   	282 	149309
23   	314 	154093
24   	304 	161910
25   	353 	171717
26   	689 	175574
27   	360 	178766
28   	370 	184628
29   	322 	190501
30   	385 	194326
31   	373 	201219
32   	361 	206093
33   	281 	212957
34   	345 	215741
35   	392 	218590
36   	297 	229485
37   	313 	240285
38   	361 	245101
39   	337 	252965
40   	361 	259805
41   	379 	270669
42   	392 	279551
43   	338 	285445
44   	353 	295285
45   	402 	303141
46   	378 	306045
47   	394 	316925
48   	369 	320822
49   	443 	325692
50   	337 	335638
51   	393 	346478
52   	394 	353373
53   	395 	360268
54   	384 	364166
55   	674 	368052
56   	400 	378229
57   	370 	384133
58   	417 	388005
59   	451 	395923
60   	425 	398878
61   	369 	404806
62   	345 	415677
63   	385 	419525
64   	394 	428413
65   	425 	435309
66   	529 	441237
67   	378 	448268
68   	97  	456149
69   	377 	460749
70   	329 	469629
71   	338 	477461
72   	353 	483301
73   	346 	486156
74   	386 	492005
75   	401 	495893
76   	681 	500797
77   	514 	508981
78   	327 	515999
79   	410 	518828
80   	360 	525743
81   	385 	535606
82   	576 	545495
83   	387 	553574
84   	383 	563463
85   	426 	566349
86   	401 	570278
87   	361 	581181
88   	497 	589046
89   	427 	600044
90   	409 	608974
91   	321 	618886
92   	402 	626709
93   	369 	630614
94   	586 	639485
95   	378 	648573
96   	392 	655455
97   	539 	660350
98   	456 	667390
99   	571 	672349
100  	344 	679423
101  	331 	688269
102  	312 	695102
103  	400 	700918
104  	490 	711820
105  	378 	722813
106  	330 	731692
107  	409 	738525
108  	386 	746438
109  	496 	752327
110  	378 	763325
111  	376 	774206
112  	450 	778085
113  	465 	784037
114  	441 	787005
115  	337 	790949
116  	372 	800788
117  	528 	810663
118  	337 	818694
119  	346 	825533
120  	427 	834381
121  	424 	837311
122  	369 	847239
123  	337 	857111
124  	481 	862951
125  	353 	868935
126  	393 	879792
127  	449 	887689
128  	377 	896640
129  	353 	906521
130  	426 	909376
131  	345 	918305
132  	362 	925153
133  	355 	931016
134  	338 	936874
135  	394 	945714
136  	451 	951609
137  	346 	962563
138  	392 	967413
139  	418 	971307
140  	482 	981228
141  	386 	987213
142  	394 	996101
143  	450 	999997
144  	394 	1006949
145  	377 	1015847
146  	393 	1024728
147  	394 	1031623
148  	337 	1041519
149  	395 	1050358
150  	426 	1059256
151  	424 	1064187
152  	410 	1075113
153  	410 	1082025
154  	458 	1084937
155  	386 	1092898
156  	449 	1102787
157  	417 	1108740
158  	435 	1116659
159  	369 	1120596
160  	521 	1129468
161  	409 	1132492
162  	417 	1142406
163  	657 	1150325
164  	360 	1159486
165  	387 	1165349
166  	408 	1174238
167  	378 	1181149
168  	394 	1192029
169  	393 	1202925
170  	442 	1205821
171  	418 	1215766
172  	453 	1220689
173  	412 	1223644
174  	415 	1227560
175  	354 	1233477
176  	417 	1243335
177  	464 	1253255
178  	353 	1263222
179  	385 	1269078
180  	681 	1277966
181  	385 	1284150
182  	657 	1288038
183  	402 	1296199
184  	473 	1303103
185  	393 	1308078
186  	410 	1310974
187  	472 	1319888
188  	386 	1327862
189  	377 	1334751
190  	409 	1341631
191  	904 	1344544
192  	418 	1354949
193  	385 	1362871
194  	435 	1368758
195  	393 	1379696
196  	353 	1389590
197  	427 	1400446
198  	337 	1410375
199  	418 	1418214
200  	571 	1429135
201  	489 	1440207
202  	506 	1443197
203  	491 	1454205
204  	426 	1463199
205  	385 	1473127
206  	385 	1479016
207  	681 	1481904
208  	425 	1491087
209  	443 	1496015
210  	488 	1502960
211  	596 	1506950
212  	496 	1513048
213  	409 	1518049
214  	327 	1526961
215  	378 	1529791
216  	409 	1536672
217  	435 	1542583
218  	441 	1547520
219  	610 	1553463
220  	578 	1561575
221  	409 	1572656
222  	418 	1576567
223  	458 	1579487
224  	432 	1585449
225  	450 	1593383
226  	480 	1599338
227  	386 	1605320
228  	473 	1610208
229  	665 	1613184
230  	387 	1617352
231  	408 	1620241
232  	377 	1627153
233  	490 	1638031
234  	481 	1646024
235  	452 	1652008
236  	376 	1654961
237  	329 	1659841
238  	491 	1662671
239  	362 	1669664
240  	394 	1680528
241  	650 	1685425
242  	385 	1689577
243  	353 	1695464
244  	450 	1701320
245  	532 	1707271
246  	376 	1710306
247  	539 	1713185
248  	345 	1716225
249  	930 	1720072
250  	403 	1724504
251  	384 	1734411
252  	378 	1739296
253  	569 	1744177
254  	442 	1749249
255  	447 	1757195
256  	362 	1768144
257  	536 	1779010
258  	370 	1787049
259  	353 	1794921
260  	404 	1798776
261  	304 	1804684
262  	335 	1810491
263  	513 	1814329
264  	346 	1823344
265  	393 	1832193
266  	356 	1840088
267  	633 	1842947
268  	671 	1847084
269  	394 	1856257
270  	402 	1862153
271  	393 	1867058
272  	387 	1874952
273  	378 	1877841
274  	315 	1882721
275  	393 	1887538
276  	338 	1893434
277  	512 	1903276
278  	330 	1910289
279  	411 	1919121
280  	499 	1923034
281  	346 	1930036
282  	416 	1937884
283  	387 	1945802
284  	443 	1956692
285  	399 	1964638
286  	410 	1973539
287  	505 	1982453
288  	385 	1986461
289  	377 	1991348
290  	386 	2001228
291  	436 	2009116
292  	535 	2018056
293  	360 	2029095
294  	497 	2038958
295  	411 	2049957
296  	466 	2057871
297  	505 	2060839
298  	376 	2067848
299  	376 	2070728
300  	370 	2080606
301  	569 	2087479
302  	441 	2090552
303  	384 	2094497
304  	466 	2104384
305  	425 	2109353
306  	368 	2115280
307  	497 	2121152
308  	330 	2126151
309  	410 	2128984
310  	378 	2133896
311  	409 	2136777
312  	539 	2145688
313  	393 	2154730
314  	451 	2158624
315  	345 	2167577
316  	401 	2177425
317  	457 	2180330
318  	360 	2187291
319  	419 	2197152
320  	474 	2206075
321  	415 	2212052
322  	456 	2214971
323  	450 	2220929
324  	450 	2230881
325  	337 	2240834
326  	371 	2248673
327  	442 	2253546
328  	385 	2257490
329  	722 	2265378
330  	425 	2272603
331  	442 	2275531
332  	417 	2285475
333  	576 	2293396
334  	593 	2303475
335  	441 	2308571
336  	329 	2319515
337  	474 	2328347
338  	419 	2334322
339  	513 	2344244
340  	395 	2353259
